158707 1707198 -1466056 -1090592 -728264 -2211632 -264314 1935372 -601236 -168366 169376 108819 2778075 
1978659 -2261966 248920 -148638 1483214 -831478 1193155 -1358337 -646345 2837669 3570201 -655321 -1095741 
346430 -561184 -797342 -832635 411289 3748 -521904 -426957 2157574 292053 -1726375 -128847 -280933 
-411501 1125162 -486834 -1698547 -1228987 -599937 414660 1730812 -90363 -1115358 -859716 1305967 1013653 
652205 2211165 -1567429 328745 -649999 1341497 1544914 456916 2360918 526939 -1760904 -29448 2532601 
-2215661 532943 394850 1005889 405430 -417367 -427297 57285 -709054 -1915107 -701621 -486121 253176 
-1000187 1047271 -580000 -703764 -2118734 -538706 -133668 771592 -2086382 -2705959 1442171 -326492 968555 
-1245169 -1199602 943526 1198399 960014 958859 -845361 -1056055 -1036696 -1517999 -448606 -34924 -1849780 
-2115704 1243426 -98505 387461 -1003039 -1496438 -960873 -617975 1905 -691574 -457988 -1042040 593054 
-166816 738914 -49792 355042 39067 -1380521 451261 654569 232401 1032668 239877 -240257 878546 
