1232515 -1356680 -1330816 -2304982 -1306102 
-773355 1042009 1263157 2602657 1415258 
630383 3050020 1140112 2458845 -720573 
-825924 733461 2269431 -1516543 784110 
-527986 1670538 1782770 -360896 443493 
-218890 -73982 2528769 126524 -652413 
492833 -2569060 -1287581 -1183305 771450 
-411826 326066 642540 39724 -115067 
1054315 -2640107 812189 -2652599 1704557 
-364734 942174 2052861 -3167 1572776 
-527396 207412 1983256 -872840 -311171 
1109478 786734 2102900 -238488 1597544 
-1854371 1338638 985912 -69825 2208095 
-1695617 442064 -755870 1485491 -1076693 
191528 -2075777 1133759 -414645 790591 
-817021 -2642334 -2805622 -1674984 -1496377 
2407201 377303 1359601 -287299 196257 
-1764036 -1017196 -5574 -1952481 -120061 
-698790 369305 -276258 -3007879 355175 
1775896 -35882 -1916156 -1914633 -916682 
